0.0000000000000000 0.0000000000000000 0.0000000000000000 0.0000000000000000 0.0000000000000000 0.0000000000000000 0.0000000000000000 0.0000000000000000 0.0000000000000000 0.0000000000000000 0.0000000000000000 0.0000000000000000 0.0000000000000000 0.0000000000000000 0.0000000000000000 0.0000000000000000 0.0000000000000000 0.0000000000000000 0.0000000000000000 0.0000000000000000 0.0000000000000000 0.0000000000000000 0.0000000000000000 0.0000000000000000 0.0000000000000000 0.0000000000000000 0.0000000000000000 0.0000000000000000 0.0000000000000000 0.0000000000000000 0.0000000000000000 0.0000000000000000 0.0000000000000000 0.0000000000000000 0.0000000000000000 0.0000000000000000 
0.0000000000000000 0.0000000000000000 0.0000000000000000 0.0000000000000000 0.0000000000000000 0.0000000000000000 0.0000000000000000 0.0366206170851846 0.0226327860476392 -0.0226327860476392 -0.0366206170851846 -0.0000000000000000 0.0000000000000000 0.0226327860476392 0.0139878310375454 -0.0139878310375454 -0.0226327860476392 -0.0000000000000000 0.0000000000000000 -0.0226327860476392 -0.0139878310375454 0.0139878310375454 0.0226327860476392 0.0000000000000000 0.0000000000000000 -0.0366206170851846 -0.0226327860476392 0.0226327860476392 0.0366206170851846 0.0000000000000000 0.0000000000000000 -0.0000000000000000 -0.0000000000000000 0.0000000000000000 0.0000000000000000 0.0000000000000000 
0.0000000000000000 0.0000000000000000 0.0000000000000000 0.0000000000000000 0.0000000000000000 0.0000000000000000 0.0000000000000000 0.0390917005518218 0.0241599996190589 -0.0241599996190589 -0.0390917005518218 -0.0000000000000000 0.0000000000000000 0.0241599996190589 0.0149317009327629 -0.0149317009327629 -0.0241599996190589 -0.0000000000000000 0.0000000000000000 -0.0241599996190589 -0.0149317009327629 0.0149317009327629 0.0241599996190589 0.0000000000000000 0.0000000000000000 -0.0390917005518218 -0.0241599996190589 0.0241599996190589 0.0390917005518218 0.0000000000000000 0.0000000000000000 -0.0000000000000000 -0.0000000000000000 0.0000000000000000 0.0000000000000000 0.0000000000000000 
0.0000000000000000 0.0000000000000000 0.0000000000000000 0.0000000000000000 0.0000000000000000 0.0000000000000000 0.0000000000000000 0.0391995059727578 0.0241720876545577 -0.0243110804797716 -0.0393439191806002 -0.0000000000000000 0.0000000000000000 0.0241802079657452 0.0148677640225132 -0.0150662350762787 -0.0243809918546393 -0.0000000000000000 0.0000000000000000 -0.0243315468396791 -0.0151009942769898 0.0149340329883746 0.0241672141399426 0.0000000000000000 0.0000000000000000 -0.0392839408590209 -0.0243016449953474 0.0242320654043570 0.0392282474564669 0.0000000000000000 0.0000000000000000 -0.0000000000000000 -0.0000000000000000 0.0000000000000000 0.0000000000000000 0.0000000000000000 
0.0000000000000000 0.0000000000000000 0.0000000000000000 0.0000000000000000 0.0000000000000000 0.0000000000000000 0.0000000000000000 0.0391372975863923 0.0240658929463565 -0.0243831660429361 -0.0394585312873195 -0.0000000000000000 0.0000000000000000 0.0240831383253867 0.0147118620702795 -0.0151671787997054 -0.0245315129610225 -0.0000000000000000 0.0000000000000000 -0.0244253611258884 -0.0152393370530929 0.0148537262072961 0.0240564635919181 0.0000000000000000 0.0000000000000000 -0.0393295376024396 -0.0243608962777330 0.0241954648510012 0.0391996660944546 0.0000000000000000 0.0000000000000000 -0.0000000000000000 -0.0000000000000000 0.0000000000000000 0.0000000000000000 0.0000000000000000 
0.0000000000000000 0.0000000000000000 0.0000000000000000 0.0000000000000000 0.0000000000000000 0.0000000000000000 0.0000000000000000 0.0390627344363106 0.0239506754556005 -0.0244522971795189 -0.0395662777465577 -0.0000000000000000 0.0000000000000000 0.0239765123763437 0.0145474697926855 -0.0152695646006324 -0.0246805988337197 -0.0000000000000000 0.0000000000000000 -0.0245154591820985 -0.0153777923321530 0.0147644389159995 0.0239347869095584 0.0000000000000000 0.0000000000000000 -0.0393659924985370 -0.0244158134428197 0.0241496799940562 0.0391584332821434 0.0000000000000000 0.0000000000000000 -0.0000000000000000 -0.0000000000000000 0.0000000000000000 0.0000000000000000 0.0000000000000000 
